; FBX 6.1.0 project file
; Copyright (C) 1997-2008 Autodesk Inc. and/or its licensors.
; All rights reserved.
; ----------------------------------------------------

FBXHeaderExtension:  {
    FBXHeaderVersion: 1003
    FBXVersion: 6100
    CreationTimeStamp:  {
        Version: 1000
        Year: 2012
        Month: 5
        Day: 5
        Hour: 18
        Minute: 29
        Second: 20
        Millisecond: 266
    }
    Creator: "FBX SDK/FBX Plugins version 2010.2"
    OtherFlags:  {
        FlagPLE: 0
    }
}
CreationTime: "2012-05-05 18:29:20:266"
Creator: "FBX SDK/FBX Plugins build 20090731"

; Document Description
;------------------------------------------------------------------

Document:  {
    Name: ""
}

; Document References
;------------------------------------------------------------------

References:  {
}

; Object definitions
;------------------------------------------------------------------

Definitions:  {
    Version: 100
    Count: 13
    ObjectType: "Model" {
        Count: 1
    }
    ObjectType: "Material" {
        Count: 1
    }
    ObjectType: "Texture" {
        Count: 4
    }
    ObjectType: "Video" {
        Count: 4
    }
    ObjectType: "SceneInfo" {
        Count: 1
    }
    ObjectType: "GlobalSettings" {
        Count: 1
    }
    ObjectType: "Pose" {
        Count: 1
    }
}

; Object properties
;------------------------------------------------------------------

Objects:  {
    Model: "Model::Default_Layer", "Mesh" {
        Version: 232
        Properties60:  {
            Property: "QuaternionInterpolate", "bool", "",0
            Property: "RotationOffset", "Vector3D", "",0,0,0
            Property: "RotationPivot", "Vector3D", "",0,0,0
            Property: "ScalingOffset", "Vector3D", "",0,0,0
            Property: "ScalingPivot", "Vector3D", "",0,0,0
            Property: "TranslationActive", "bool", "",0
            Property: "TranslationMin", "Vector3D", "",0,0,0
            Property: "TranslationMax", "Vector3D", "",0,0,0
            Property: "TranslationMinX", "bool", "",0
            Property: "TranslationMinY", "bool", "",0
            Property: "TranslationMinZ", "bool", "",0
            Property: "TranslationMaxX", "bool", "",0
            Property: "TranslationMaxY", "bool", "",0
            Property: "TranslationMaxZ", "bool", "",0
            Property: "RotationOrder", "enum", "",0
            Property: "RotationSpaceForLimitOnly", "bool", "",0
            Property: "RotationStiffnessX", "double", "",0
            Property: "RotationStiffnessY", "double", "",0
            Property: "RotationStiffnessZ", "double", "",0
            Property: "AxisLen", "double", "",10
            Property: "PreRotation", "Vector3D", "",0,0,0
            Property: "PostRotation", "Vector3D", "",0,0,0
            Property: "RotationActive", "bool", "",1
            Property: "RotationMin", "Vector3D", "",0,0,0
            Property: "RotationMax", "Vector3D", "",0,0,0
            Property: "RotationMinX", "bool", "",0
            Property: "RotationMinY", "bool", "",0
            Property: "RotationMinZ", "bool", "",0
            Property: "RotationMaxX", "bool", "",0
            Property: "RotationMaxY", "bool", "",0
            Property: "RotationMaxZ", "bool", "",0
            Property: "InheritType", "enum", "",0
            Property: "ScalingActive", "bool", "",0
            Property: "ScalingMin", "Vector3D", "",1,1,1
            Property: "ScalingMax", "Vector3D", "",1,1,1
            Property: "ScalingMinX", "bool", "",0
            Property: "ScalingMinY", "bool", "",0
            Property: "ScalingMinZ", "bool", "",0
            Property: "ScalingMaxX", "bool", "",0
            Property: "ScalingMaxY", "bool", "",0
            Property: "ScalingMaxZ", "bool", "",0
            Property: "GeometricTranslation", "Vector3D", "",0,0,0
            Property: "GeometricRotation", "Vector3D", "",0,0,0
            Property: "GeometricScaling", "Vector3D", "",1,1,1
            Property: "MinDampRangeX", "double", "",0
            Property: "MinDampRangeY", "double", "",0
            Property: "MinDampRangeZ", "double", "",0
            Property: "MaxDampRangeX", "double", "",0
            Property: "MaxDampRangeY", "double", "",0
            Property: "MaxDampRangeZ", "double", "",0
            Property: "MinDampStrengthX", "double", "",0
            Property: "MinDampStrengthY", "double", "",0
            Property: "MinDampStrengthZ", "double", "",0
            Property: "MaxDampStrengthX", "double", "",0
            Property: "MaxDampStrengthY", "double", "",0
            Property: "MaxDampStrengthZ", "double", "",0
            Property: "PreferedAngleX", "double", "",0
            Property: "PreferedAngleY", "double", "",0
            Property: "PreferedAngleZ", "double", "",0
            Property: "LookAtProperty", "object", ""
            Property: "UpVectorProperty", "object", ""
            Property: "Show", "bool", "",1
            Property: "NegativePercentShapeSupport", "bool", "",1
            Property: "DefaultAttributeIndex", "int", "",0
            Property: "Freeze", "bool", "",0
            Property: "LODBox", "bool", "",0
            Property: "Lcl Translation", "Lcl Translation", "A+",0,0,0
            Property: "Lcl Rotation", "Lcl Rotation", "A+",0,0,0
            Property: "Lcl Scaling", "Lcl Scaling", "A+",1,1,1
            Property: "Visibility", "Visibility", "A+",1
            Property: "Color", "ColorRGB", "N",0.8,0.8,0.8
            Property: "BBoxMin", "Vector3D", "N",0,0,0
            Property: "BBoxMax", "Vector3D", "N",0,0,0
        }
        MultiLayer: 0
        MultiTake: 1
        Shading: Y
        Culling: "CullingOff"
        Vertices: -231.28809928894,510.92700958252,535.586166381836,-294.086217880249,510.92700958252,535.586166381836,-294.086217880249
        ,510.92700958252,502.806568145752,-231.28809928894,510.92700958252,502.806568145752,-231.28809928894,547.846794128418
        ,535.586166381836,-231.28809928894,547.846794128418,502.806568145752,-294.086217880249,547.846794128418,502.806568145752
        ,-294.086217880249,547.846794128418,535.586166381836,315.803909301758,510.92700958252,530.288410186768,253.005790710449
        ,510.92700958252,530.288410186768,253.005790710449,510.92700958252,497.508716583252,315.803909301758,510.92700958252
        ,497.508716583252,315.803909301758,547.846794128418,530.288410186768,315.803909301758,547.846794128418,497.508716583252
        ,253.005790710449,547.846794128418,497.508716583252,253.005790710449,547.846794128418,530.288410186768,-87.8837108612061
        ,476.005077362061,547.207260131836,-172.262620925903,476.005077362061,547.207260131836,-172.262620925903,476.005077362061
        ,503.16276550293,-87.8837108612061,476.005077362061,503.16276550293,-87.8837108612061,525.61240196228,547.207260131836
        ,-87.8837108612061,525.61240196228,503.16276550293,-172.262620925903,525.61240196228,503.16276550293,-172.262620925903
        ,525.61240196228,547.207260131836,-869.427680969238,316.814589500427,185.13514995575,-936.811447143555,316.814589500427
        ,134.349250793457,-910.30216217041,316.814589500427,99.1758525371552,-842.918109893799,316.814589500427,149.961757659912
        ,-869.427680969238,366.421890258789,185.13514995575,-842.918109893799,366.421890258789,149.961757659912,-910.30216217041
        ,366.421890258789,99.1758525371552,-936.811447143555,366.421890258789,134.349250793457,-435.519313812256,316.814589500427
        ,512.162971496582,-502.90322303772,316.814589500427,461.377143859863,-476.393699645996,316.814589500427,426.203727722168
        ,-409.009790420532,316.814589500427,476.989650726318,-435.519313812256,366.421890258789,512.162971496582,-409.009790420532
        ,366.421890258789,476.989650726318,-476.393699645996,366.421890258789,426.203727722168,-502.90322303772,366.421890258789
        ,461.377143859863,-959.786796569824,2.25889682769775,-682.941818237305,-324.509716033936,101.323986053467,-682.941818237305
        ,326.316785812378,101.323986053467,-682.941818237305,968.197059631348,101.323986053467,-682.941818237305,-959.786796569824
        ,638.41028213501,-682.941818237305,-324.509716033936,600.992488861084,-682.941818237305,326.316785812378,600.992488861084
        ,-682.941818237305,968.197059631348,600.992488861084,-682.941818237305,-665.729141235352,101.323986053467,285.635256767273
        ,-370.732021331787,101.323986053467,506.076622009277,379.142189025879,101.323986053467,506.076622009277,665.669918060303
        ,101.323986053467,290.372657775879,-665.729141235352,600.992488861084,285.635256767273,-370.732021331787,600.992488861084
        ,506.076622009277,379.142189025879,600.992488861084,506.076622009277,665.669918060303,600.992488861084,290.372657775879
        ,-959.786796569824,101.323986053467,58.2818567752838,-370.732021331787,2.25889682769775,58.2818567752838,379.142189025879
        ,2.25889682769775,58.2818567752838,968.197059631348,101.323986053467,58.2818567752838,-959.786796569824,600.992488861084
        ,58.2818567752838,-370.732021331787,638.41028213501,58.2818567752838,379.142189025879,638.41028213501,58.2818567752838
        ,968.197059631348,600.992488861084,58.2818567752838,-959.786796569824,101.323986053467,-682.941818237305,-324.509716033936
        ,2.25889682769775,-682.941818237305,326.316785812378,2.25889682769775,-682.941818237305,968.197059631348,2.25889682769775
        ,-682.941818237305,-665.729141235352,2.25889682769775,285.635256767273,-370.732021331787,2.25889682769775,506.076622009277
        ,379.142189025879,2.25889682769775,506.076622009277,665.669918060303,2.25889682769775,290.372657775879,-959.786796569824
        ,2.25889682769775,58.2818567752838,968.197059631348,2.25889682769775,58.2818567752838,-959.786796569824,600.992488861084
        ,-682.941818237305,-324.509716033936,638.41028213501,-682.941818237305,326.316785812378,638.41028213501,-682.941818237305
        ,968.197059631348,638.41028213501,-682.941818237305,-665.729141235352,638.41028213501,285.635256767273,-370.732021331787
        ,638.41028213501,506.076622009277,379.142189025879,638.41028213501,506.076622009277,665.669918060303,638.41028213501
        ,290.372657775879,-959.786796569824,638.41028213501,58.2818567752838,968.197059631348,638.41028213501,58.2818567752838
        ,950.083351135254,125.528693199158,-672.224712371826,835.88285446167,125.528693199158,-672.224712371826,950.083351135254
        ,136.673784255981,-672.224712371826,835.88285446167,136.673784255981,-672.224712371826,950.083351135254,125.528693199158
        ,-717.548274993896,835.88285446167,125.528693199158,-717.548274993896,950.083351135254,136.673784255981,-717.548274993896
        ,835.88285446167,136.673784255981,-717.548274993896,950.083351135254,393.605780601501,-672.224712371826,835.88285446167
        ,393.605780601501,-672.224712371826,950.083351135254,404.750919342041,-672.224712371826,835.88285446167,404.750919342041
        ,-672.224712371826,950.083351135254,393.605780601501,-717.548274993896,835.88285446167,393.605780601501,-717.548274993896
        ,950.083351135254,404.750919342041,-717.548274993896,835.88285446167,404.750919342041,-717.548274993896,716.337394714355
        ,393.605780601501,-672.224712371826,593.019104003906,393.605780601501,-672.224712371826,716.337394714355,404.750919342041
        ,-672.224712371826,593.019104003906,404.750919342041,-672.224712371826,716.337394714355,393.605780601501,-717.548274993896
        ,593.019104003906,393.605780601501,-717.548274993896,716.337394714355,404.750919342041,-717.548274993896,593.019104003906
        ,404.750919342041,-717.548274993896,716.337394714355,125.528693199158,-672.224712371826,593.019104003906,125.528693199158
        ,-672.224712371826,716.337394714355,136.673784255981,-672.224712371826,593.019104003906,136.673784255981,-672.224712371826
        ,716.337394714355,125.528693199158,-717.548274993896,593.019104003906,125.528693199158,-717.548274993896,716.337394714355
        ,136.673784255981,-717.548274993896,593.019104003906,136.673784255981,-717.548274993896,471.710109710693,124.720191955566
        ,-672.224712371826,354.142189025879,124.720191955566,-672.224712371826,471.710109710693,135.86528301239,-672.224712371826
        ,354.142189025879,135.86528301239,-672.224712371826,471.710109710693,124.720191955566,-717.548274993896,354.142189025879
        ,124.720191955566,-717.548274993896,471.710109710693,135.86528301239,-717.548274993896,354.142189025879,135.86528301239
        ,-717.548274993896,304.195070266724,124.720191955566,-672.224712371826,188.356399536133,124.720191955566,-672.224712371826
        ,304.195070266724,135.86528301239,-672.224712371826,188.356399536133,135.86528301239,-672.224712371826,304.195070266724
        ,124.720191955566,-717.548274993896,188.356399536133,124.720191955566,-717.548274993896,304.195070266724,135.86528301239
        ,-717.548274993896,188.356399536133,135.86528301239,-717.548274993896,475.252723693848,394.290900230408,-672.224712371826
        ,357.684898376465,394.290900230408,-672.224712371826,475.252723693848,405.435991287231,-672.224712371826,357.684898376465
        ,405.435991287231,-672.224712371826,475.252723693848,394.290900230408,-717.548274993896,357.684898376465,394.290900230408
        ,-717.548274993896,475.252723693848,405.435991287231,-717.548274993896,357.684898376465,405.435991287231,-717.548274993896
        ,313.033390045166,394.290900230408,-672.224712371826,197.194671630859,394.290900230408,-672.224712371826,313.033390045166
        ,405.435991287231,-672.224712371826,197.194671630859,405.435991287231,-672.224712371826,313.033390045166,394.290900230408
        ,-717.548274993896,197.194671630859,394.290900230408,-717.548274993896,313.033390045166,405.435991287231,-717.548274993896
        ,197.194671630859,405.435991287231,-717.548274993896,72.3419666290283,394.290900230408,-672.224712371826,-48.5321044921875
        ,394.290900230408,-672.224712371826,72.3419666290283,405.435991287231,-672.224712371826,-48.5321044921875,405.435991287231
        ,-672.224712371826,72.3419666290283,394.290900230408,-717.548274993896,-48.5321044921875,394.290900230408,-717.548274993896
        ,72.3419666290283,405.435991287231,-717.548274993896,-48.5321044921875,405.435991287231,-717.548274993896,-170.040702819824
        ,124.720191955566,-672.224712371826,-292.044496536255,124.720191955566,-672.224712371826,-170.040702819824,135.86528301239
        ,-672.224712371826,-292.044496536255,135.86528301239,-672.224712371826,-170.040702819824,124.720191955566,-717.548274993896
        ,-292.044496536255,124.720191955566,-717.548274993896,-170.040702819824,135.86528301239,-717.548274993896,-292.044496536255
        ,135.86528301239,-717.548274993896,-343.135499954224,124.720191955566,-672.224712371826,-456.07213973999,124.720191955566
        ,-672.224712371826,-343.135499954224,135.86528301239,-672.224712371826,-456.07213973999,135.86528301239,-672.224712371826
        ,-343.135499954224,124.720191955566,-717.548274993896,-456.07213973999,124.720191955566,-717.548274993896,-343.135499954224
        ,135.86528301239,-717.548274993896,-456.07213973999,135.86528301239,-717.548274993896,-170.040702819824,394.290900230408
        ,-672.224712371826,-292.044496536255,394.290900230408,-672.224712371826,-170.040702819824,405.435991287231,-672.224712371826
        ,-292.044496536255,405.435991287231,-672.224712371826,-170.040702819824,394.290900230408,-717.548274993896,-292.044496536255
        ,394.290900230408,-717.548274993896,-170.040702819824,405.435991287231,-717.548274993896,-292.044496536255,405.435991287231
        ,-717.548274993896,-343.135499954224,394.290900230408,-672.224712371826,-456.07213973999,394.290900230408,-672.224712371826
        ,-343.135499954224,405.435991287231,-672.224712371826,-456.07213973999,405.435991287231,-672.224712371826,-343.135499954224
        ,394.290900230408,-717.548274993896,-456.07213973999,394.290900230408,-717.548274993896,-343.135499954224,405.435991287231
        ,-717.548274993896,-456.07213973999,405.435991287231,-717.548274993896,-571.28438949585,124.720191955566,-672.224712371826
        ,-691.032409667969,124.720191955566,-672.224712371826,-571.28438949585,135.86528301239,-672.224712371826,-691.032409667969
        ,135.86528301239,-672.224712371826,-571.28438949585,124.720191955566,-717.548274993896,-691.032409667969,124.720191955566
        ,-717.548274993896,-571.28438949585,135.86528301239,-717.548274993896,-691.032409667969,135.86528301239,-717.548274993896
        ,-571.28438949585,394.290900230408,-672.224712371826,-691.032409667969,394.290900230408,-672.224712371826,-571.28438949585
        ,405.435991287231,-672.224712371826,-691.032409667969,405.435991287231,-672.224712371826,-571.28438949585,394.290900230408
        ,-717.548274993896,-691.032409667969,394.290900230408,-717.548274993896,-571.28438949585,405.435991287231,-717.548274993896
        ,-691.032409667969,405.435991287231,-717.548274993896,-810.770797729492,124.720191955566,-672.224712371826,-918.034362792969
        ,124.720191955566,-672.224712371826,-810.770797729492,135.86528301239,-672.224712371826,-918.034362792969,135.86528301239
        ,-672.224712371826,-810.770797729492,124.720191955566,-717.548274993896,-918.034362792969,124.720191955566,-717.548274993896
        ,-810.770797729492,135.86528301239,-717.548274993896,-918.034362792969,135.86528301239,-717.548274993896,-810.770797729492
        ,394.290900230408,-672.224712371826,-918.034362792969,394.290900230408,-672.224712371826,-810.770797729492,405.435991287231
        ,-672.224712371826,-918.034362792969,405.435991287231,-672.224712371826,-810.770797729492,394.290900230408,-717.548274993896
        ,-918.034362792969,394.290900230408,-717.548274993896,-810.770797729492,405.435991287231,-717.548274993896,-918.034362792969
        ,405.435991287231,-717.548274993896,70.9228992462158,124.720191955566,-672.224712371826,-49.9512195587158,124.720191955566
        ,-672.224712371826,70.9228992462158,135.86528301239,-672.224712371826,-49.9512195587158,135.86528301239,-672.224712371826
        ,70.9228992462158,124.720191955566,-717.548274993896,-49.9512195587158,124.720191955566,-717.548274993896,70.9228992462158
        ,135.86528301239,-717.548274993896,-49.9512195587158,135.86528301239,-717.548274993896,-947.271919250488,396.960997581482
        ,-662.902641296387,-947.271919250488,396.960997581482,-536.890316009521,-947.271919250488,408.106088638306,-662.902641296387
        ,-947.271919250488,408.106088638306,-536.890316009521,-992.595291137695,396.960997581482,-662.902641296387,-992.595291137695
        ,396.960997581482,-536.890316009521,-992.595291137695,408.106088638306,-662.902641296387,-992.595291137695,408.106088638306
        ,-536.890316009521,-947.271919250488,121.517586708069,-662.902641296387,-947.271919250488,121.517586708069,-536.890316009521
        ,-947.271919250488,132.662785053253,-662.902641296387,-947.271919250488,132.662785053253,-536.890316009521,-992.595291137695
        ,121.517586708069,-662.902641296387,-992.595291137695,121.517586708069,-536.890316009521,-992.595291137695,132.662785053253
        ,-662.902641296387,-992.595291137695,132.662785053253,-536.890316009521,-947.271919250488,121.517586708069,-386.497044563293
        ,-947.271919250488,121.517586708069,-260.484743118286,-947.271919250488,132.662785053253,-386.497044563293,-947.271919250488
        ,132.662785053253,-260.484743118286,-992.595291137695,121.517586708069,-386.497044563293,-992.595291137695,121.517586708069
        ,-260.484743118286,-992.595291137695,132.662785053253,-386.497044563293,-992.595291137695,132.662785053253,-260.484743118286
        ,-947.271919250488,396.960997581482,-386.497044563293,-947.271919250488,396.960997581482,-260.484743118286,-947.271919250488
        ,408.106088638306,-386.497044563293,-947.271919250488,408.106088638306,-260.484743118286,-992.595291137695,396.960997581482
        ,-386.497044563293,-992.595291137695,396.960997581482,-260.484743118286,-992.595291137695,408.106088638306,-386.497044563293
        ,-992.595291137695,408.106088638306,-260.484743118286,-947.271919250488,120.709192752838,-107.359039783478,-947.271919250488
        ,120.709192752838,18.6533555388451,-947.271919250488,131.854283809662,-107.359039783478,-947.271919250488,131.854283809662
        ,18.6533555388451,-992.595291137695,120.709192752838,-107.359039783478,-992.595291137695,120.709192752838,18.6533555388451
        ,-992.595291137695,131.854283809662,-107.359039783478,-992.595291137695,131.854283809662,18.6533555388451,-947.271919250488
        ,397.646188735962,-110.901641845703,-947.271919250488,397.646188735962,15.1106551289558,-947.271919250488,408.791303634644
        ,-110.901641845703,-947.271919250488,408.791303634644,15.1106551289558,-992.595291137695,397.646188735962,-110.901641845703
        ,-992.595291137695,397.646188735962,15.1106551289558,-992.595291137695,408.791303634644,-110.901641845703,-992.595291137695
        ,408.791303634644,15.1106551289558,947.271823883057,117.303895950317,-535.739421844482,947.271823883057,117.303895950317
        ,-661.352252960205,947.271823883057,128.448987007141,-535.739421844482,947.271823883057,128.448987007141,-661.352252960205
        ,992.595291137695,117.303895950317,-535.739421844482,992.595291137695,117.303895950317,-661.352252960205,992.595291137695
        ,128.448987007141,-535.739421844482,992.595291137695,128.448987007141,-661.352252960205,947.271823883057,117.303895950317
        ,-264.118146896362,947.271823883057,117.303895950317,-389.77484703064,947.271823883057,128.448987007141,-264.118146896362
        ,947.271823883057,128.448987007141,-389.77484703064,992.595291137695,117.303895950317,-264.118146896362,992.595291137695
        ,117.303895950317,-389.77484703064,992.595291137695,128.448987007141,-264.118146896362,992.595291137695,128.448987007141
        ,-389.77484703064,947.271823883057,117.303895950317,13.4165555238724,947.271823883057,117.303895950317,-112.351047992706
        ,947.271823883057,128.448987007141,13.4165555238724,947.271823883057,128.448987007141,-112.351047992706,992.595291137695
        ,117.303895950317,13.4165555238724,992.595291137695,117.303895950317,-112.351047992706,992.595291137695,128.448987007141
        ,13.4165555238724,992.595291137695,128.448987007141,-112.351047992706,947.271823883057,394.240880012512,12.9263550043106
        ,947.271823883057,394.240880012512,-112.841141223907,947.271823883057,405.385971069336,12.9263550043106,947.271823883057
        ,405.385971069336,-112.841141223907,992.595291137695,394.240880012512,12.9263550043106,992.595291137695,394.240880012512
        ,-112.841141223907,992.595291137695,405.385971069336,12.9263550043106,992.595291137695,405.385971069336,-112.841141223907
        ,947.271823883057,394.240880012512,-262.699055671692,947.271823883057,394.240880012512,-388.355755805969,947.271823883057
        ,405.385971069336,-262.699055671692,947.271823883057,405.385971069336,-388.355755805969,992.595291137695,394.240880012512
        ,-262.699055671692,992.595291137695,394.240880012512,-388.355755805969,992.595291137695,405.385971069336,-262.699055671692
        ,992.595291137695,405.385971069336,-388.355755805969,947.271823883057,394.240880012512,-535.739421844482,947.271823883057
        ,394.240880012512,-661.352252960205,947.271823883057,405.385971069336,-535.739421844482,947.271823883057,405.385971069336
        ,-661.352252960205,992.595291137695,394.240880012512,-535.739421844482,992.595291137695,394.240880012512,-661.352252960205
        ,992.595291137695,405.385971069336,-535.739421844482,992.595291137695,405.385971069336,-661.352252960205,-922.793960571289
        ,391.113877296448,83.3295524120331,-821.428394317627,391.113877296448,159.746360778809,-922.793960571289,402.259063720703
        ,83.3295524120331,-821.428394317627,402.259063720703,159.746360778809,-950.077724456787,391.113877296448,119.520854949951
        ,-848.712158203125,391.113877296448,195.937657356262,-950.077724456787,402.259063720703,119.520854949951,-848.712158203125
        ,402.259063720703,195.937657356262,-702.81400680542,391.785788536072,249.166655540466,-603.548336029053,391.785788536072
        ,324.000453948975,-702.81400680542,402.930879592896,249.166655540466,-603.548336029053,402.930879592896,324.000453948975
        ,-730.097723007202,391.785788536072,285.35795211792,-630.832004547119,391.785788536072,360.191750526428,-730.097723007202
        ,402.930879592896,285.35795211792,-630.832004547119,402.930879592896,360.191750526428,-924.302196502686,118.54248046875
        ,82.1925580501556,-822.936630249023,118.54248046875,158.609354496002,-924.302196502686,129.687583446503,82.1925580501556
        ,-822.936630249023,129.687583446503,158.609354496002,-951.585960388184,118.54248046875,118.383860588074,-850.22029876709
        ,118.54248046875,194.800758361816,-951.585960388184,129.687583446503,118.383860588074,-850.22029876709,129.687583446503
        ,194.800758361816,-701.68080329895,119.998693466187,250.020956993103,-602.415180206299,119.998693466187,324.854755401611
        ,-701.68080329895,131.14378452301,250.020956993103,-602.415180206299,131.14378452301,324.854755401611,-728.964519500732
        ,119.998693466187,286.212253570557,-629.698944091797,119.998693466187,361.046051979065,-728.964519500732,131.14378452301
        ,286.212253570557,-629.698944091797,131.14378452301,361.046051979065,-486.771631240845,391.785788536072,412.035369873047
        ,-387.506008148193,391.785788536072,486.869049072266,-486.771631240845,402.930879592896,412.035369873047,-387.506008148193
        ,402.930879592896,486.869049072266,-514.055299758911,391.785788536072,448.226642608643,-414.789724349976,391.785788536072
        ,523.060417175293,-514.055299758911,402.930879592896,448.226642608643,-414.789724349976,402.930879592896,523.060417175293
        ,-485.638523101807,119.998693466187,412.889575958252,-386.372804641724,119.998693466187,487.723350524902,-485.638523101807
        ,131.14378452301,412.889575958252,-386.372804641724,131.14378452301,487.723350524902,-512.922096252441,119.998693466187
        ,449.080944061279,-413.656520843506,119.998693466187,523.914623260498,-512.922096252441,131.14378452301,449.080944061279
        ,-413.656520843506,131.14378452301,523.914623260498,156.265878677368,3.58798503875732,598.335838317871,101.83539390564
        ,3.58798503875732,598.335838317871,156.265878677368,309.704184532166,598.335838317871,101.83539390564,309.704184532166
        ,598.335838317871,156.265878677368,3.58798503875732,572.626972198486,101.83539390564,3.58798503875732,572.626972198486
        ,156.265878677368,309.704184532166,572.626972198486,101.83539390564,309.704184532166,572.626972198486,-757.849788665771
        ,408.986186981201,348.171758651733,-757.849788665771,334.229898452759,348.171758651733,-661.34181022644,409.745693206787
        ,421.74186706543,-663.361310958862,334.989285469055,418.113708496094,-571.879100799561,334.989285469055,427.940368652344
        ,-576.292991638184,403.967094421387,440.8034324646,-577.413702011108,403.967094421387,439.94026184082,-557.052421569824
        ,320.623683929443,415.823364257813,-542.949628829956,330.445194244385,386.704254150391,-577.413702011108,402.245712280273
        ,439.94026184082,-576.292991638184,402.245712280273,440.8034324646,-794.042491912842,334.989285469055,254.74956035614
        ,-753.951930999756,408.986186981201,347.346949577332,-755.999708175659,408.986186981201,345.769643783569,-755.999708175659
        ,334.229898452759,345.769643783569,-753.951930999756,334.229898452759,347.346949577332,-792.92950630188,334.989285469055
        ,255.606865882874,-777.515316009521,409.745693206787,235.59455871582,-776.513290405273,334.989285469055,234.293651580811
        ,-777.626419067383,334.989285469055,233.436346054077,-777.515316009521,334.989285469055,235.59455871582,-732.812023162842
        ,409.745693206787,366.69294834137,-576.292991638184,445.010089874268,440.8034324646,-577.413702011108,445.010089874268
        ,439.94026184082,-732.812023162842,334.989285469055,366.69294834137,-577.413702011108,443.288707733154,439.94026184082
        ,-576.292991638184,443.288707733154,440.8034324646,-734.963798522949,409.745693206787,365.035557746887,-734.963798522949
        ,334.989285469055,365.035557746887,-823.758506774902,408.986186981201,297.406554222107,-823.758506774902,334.229898452759
        ,297.406554222107,-825.806713104248,408.986186981201,295.82896232605,-825.806713104248,334.229898452759,295.82896232605
        ,-821.908378601074,408.986186981201,295.004463195801,-823.956680297852,408.986186981201,293.426847457886,-731.810092926025
        ,409.745693206787,365.392160415649,-777.626419067383,409.745693206787,233.436346054077,-776.513290405273,409.745693206787
        ,234.293651580811,-778.628444671631,334.989285469055,234.737253189087,-778.628444671631,409.745693206787,234.737253189087
        ,-601.723480224609,408.986186981201,468.425750732422,-601.723480224609,334.229898452759,468.425750732422,-603.771305084229
        ,408.986186981201,466.848468780518,-603.771305084229,334.229898452759,466.848468780518,-733.961915969849,409.745693206787
        ,363.734745979309,-823.811531066895,334.196496009827,295.708560943604,-763.016033172607,334.196496009827,216.777563095093
        ,-541.139507293701,334.196496009827,387.674760818481,-601.935005187988,334.196496009827,466.605758666992,-577.134799957275
        ,251.481795310974,438.415622711182,-577.134799957275,533.615398406982,438.415622711182,-579.181385040283,533.615398406982
        ,441.072845458984,-558.173084259033,343.96288394928,414.960193634033,-577.413702011108,343.96288394928,439.94026184082
        ,-576.292991638184,343.96288394928,440.8034324646,-557.052421569824,343.96288394928,415.823364257813,-579.181385040283
        ,251.481795310974,441.072845458984,-576.916217803955,533.615398406982,442.817687988281,-574.869632720947,533.615398406982
        ,440.160465240479,-574.869632720947,251.481795310974,440.160465240479,-576.916217803955,251.481795310974,442.817687988281
        ,-557.052421569824,526.534795761108,415.823364257813,-576.292991638184,526.534795761108,440.8034324646,-577.413702011108
        ,526.534795761108,439.94026184082,-558.173084259033,526.534795761108,414.960193634033,-577.413702011108,524.813365936279
        ,439.94026184082,-576.292991638184,524.813365936279,440.8034324646,-557.052421569824,524.813365936279,415.823364257813
        ,-558.173084259033,524.813365936279,414.960193634033,-823.956680297852,334.229898452759,293.426847457886,-821.908378601074
        ,334.229898452759,295.004463195801,-755.802011489868,408.986186981201,349.749064445496,-755.802011489868,334.229898452759
        ,349.749064445496,-576.292991638184,464.90650177002,440.8034324646,-577.413702011108,464.90650177002,439.94026184082
        ,-558.173084259033,466.627883911133,414.960193634033,-577.413702011108,466.627883911133,439.94026184082,-553.34792137146
        ,409.745693206787,406.183624267578,-554.461002349854,409.745693206787,405.326366424561,-554.461002349854,334.989285469055
        ,405.326366424561,-553.34792137146,334.989285469055,406.183624267578,-686.06162071228,409.745693206787,402.701854705811
        ,-686.06162071228,334.989285469055,402.701854705811,-688.594913482666,409.745693206787,400.750637054443,-688.594913482666
        ,334.989285469055,400.750637054443,-707.807016372681,409.745693206787,383.880162239075,-710.182285308838,409.745693206787
        ,382.050657272339,-710.182285308838,334.989285469055,382.050657272339,-707.807016372681,334.989285469055,383.880162239075
        ,-795.04451751709,409.745693206787,256.050443649292,-795.04451751709,334.989285469055,256.050443649292,-792.92950630188
        ,409.745693206787,255.606865882874,-794.042491912842,409.745693206787,254.74956035614,-685.05973815918,409.745693206787
        ,401.400947570801,-687.592887878418,409.745693206787,399.449753761292,-687.592887878418,334.989285469055,399.449753761292
        ,-685.05973815918,334.989285469055,401.400947570801,-708.808898925781,409.745693206787,385.181045532227,-708.808898925781
        ,334.989285469055,385.181045532227,-711.184310913086,409.745693206787,383.351445198059,-711.184310913086,334.989285469055
        ,383.351445198059,-733.961915969849,334.989285469055,363.734745979309,-731.810092926025,334.989285469055,365.392160415649
        ,-558.321094512939,251.481795310974,413.989734649658,-558.321094512939,533.615398406982,413.989734649658,-560.367727279663
        ,533.615398406982,416.646862030029,-560.367727279663,251.481795310974,416.646862030029,-558.102416992188,533.615398406982
        ,418.391609191895,-556.05583190918,533.615398406982,415.734577178955,-556.05583190918,251.481795310974,415.734577178955
        ,-558.102416992188,251.481795310974,418.391609191895,-779.569005966187,409.745693206787,330.679059028625,-779.569005966187
        ,334.989285469055,330.679059028625,-782.489395141602,409.745693206787,328.429746627808,-782.489395141602,334.989285469055
        ,328.429746627808,-637.069702148438,334.989285469055,440.437126159668,-637.069702148438,409.745693206787,440.437126159668
        ,-569.764137268066,334.989285469055,427.496814727783,-570.877122879028,334.989285469055,426.639556884766,-601.921224594116
        ,408.986186981201,464.446449279785,-570.877122879028,409.745693206787,426.639556884766,-586.059904098511,409.745693206787
        ,448.653888702393,-569.764137268066,409.745693206787,427.496814727783,-616.840505599976,334.989285469055,453.945732116699
        ,-619.288206100464,334.989285469055,452.060413360596,-619.288206100464,409.745693206787,452.060413360596,-616.840505599976
        ,409.745693206787,453.945732116699,-636.067724227905,409.745693206787,439.136219024658,-599.873447418213,408.986186981201
        ,466.023731231689,-586.059904098511,334.989285469055,448.653888702393,-639.121723175049,409.745693206787,436.783981323242
        ,-640.123605728149,409.745693206787,438.084983825684,-809.336471557617,334.989285469055,274.605655670166,-778.567123413086
        ,409.745693206787,329.378151893616,-639.121723175049,334.989285469055,436.783981323242,-576.292991638184,505.46760559082
        ,440.8034324646,-601.921224594116,334.229898452759,464.446449279785,-576.292991638184,363.405990600586,440.8034324646
        ,-558.173084259033,320.623683929443,414.960193634033,-542.42262840271,334.229898452759,387.19916343689,-542.42262840271
        ,408.986186981201,387.19916343689,-540.374803543091,334.229898452759,388.776445388794,-540.374803543091,408.986186981201
        ,388.776445388794,-538.524627685547,334.229898452759,386.374449729919,-540.57240486145,334.229898452759,384.797143936157
        ,-540.57240486145,408.986186981201,384.797143936157,-538.524627685547,408.986186981201,386.374449729919,-577.413702011108
        ,342.241477966309,439.94026184082,-585.05802154541,409.745693206787,447.352981567383,-586.171007156372,409.745693206787
        ,446.495628356934,-586.171007156372,334.989285469055,446.495628356934,-660.339832305908,334.989285469055,420.441055297852
        ,-601.761102676392,330.445194244385,470.535087585449,-601.761102676392,337.626791000366,470.535087585449,-576.292991638184
        ,342.241477966309,440.8034324646,-601.747989654541,411.226081848145,463.042545318604,-820.391082763672,411.226081848145
        ,294.635844230652,-536.157417297363,411.226081848145,385.361361503601,-536.157417297363,407.500171661377,385.361361503601
        ,-601.760816574097,411.226081848145,470.534515380859,-601.760816574097,407.500171661377,470.534515380859,-762.062501907349
        ,411.226081848145,211.361265182495,-827.665901184082,411.226081848145,296.53434753418,-557.052421569824,342.241477966309
        ,415.823364257813,-558.173084259033,281.783986091614,414.960193634033,-820.391082763672,337.626791000366,294.635844230652
        ,-587.172985076904,334.989285469055,447.796535491943,-558.173084259033,342.241477966309,414.960193634033,-557.052421569824
        ,303.401780128479,415.823364257813,-557.052421569824,505.46760559082,415.823364257813,-576.292991638184,303.401780128479
        ,440.8034324646,-827.665901184082,407.500171661377,296.53434753418,-762.062501907349,407.500171661377,211.361265182495
        ,-542.949628829956,407.500171661377,386.704254150391,-558.173084259033,261.125588417053,414.960193634033,-660.339832305908
        ,409.745693206787,420.441055297852,-558.173084259033,505.46760559082,414.960193634033,-558.173084259033,507.188987731934
        ,414.960193634033,-808.223342895508,334.989285469055,275.463056564331,-640.123605728149,334.989285469055,438.084983825684
        ,-558.173084259033,301.67977809906,414.960193634033,-793.931531906128,409.745693206787,256.907749176025,-793.931531906128
        ,334.989285469055,256.907749176025,-803.261756896973,409.745693206787,312.430167198181,-601.747989654541,407.500171661377
        ,463.042545318604,-542.949628829956,411.226081848145,386.704254150391,-820.391082763672,407.500171661377,294.635844230652
        ,-761.592578887939,407.500171661377,218.297648429871,-809.336471557617,409.745693206787,274.605655670166,-808.223342895508
        ,409.745693206787,275.463056564331,-557.052421569824,301.67977809906,415.823364257813,-577.413702011108,363.405990600586
        ,439.94026184082,-558.173084259033,322.344994544983,414.960193634033,-576.292991638184,301.67977809906,440.8034324646
        ,-803.261756896973,334.989285469055,312.430167198181,-577.413702011108,301.67977809906,439.94026184082,-558.173084259033
        ,303.401780128479,414.960193634033,-577.413702011108,361.684584617615,439.94026184082,-761.592578887939,411.226081848145
        ,218.297648429871,-805.635261535645,334.989285469055,310.601854324341,-805.635261535645,409.745693206787,310.601854324341
        ,-557.052421569824,262.846994400024,415.823364257813,-577.413702011108,303.401780128479,439.94026184082,-577.413702011108
        ,505.46760559082,439.94026184082,-557.052421569824,464.90650177002,415.823364257813,-587.172985076904,409.745693206787
        ,447.796535491943,-577.413702011108,261.125588417053,439.94026184082,-734.490919113159,335.967397689819,318.81365776062
        ,-585.05802154541,334.989285469055,447.352981567383,-764.457988739014,334.229898452759,216.17956161499,-764.457988739014
        ,408.986186981201,216.17956161499,-570.766019821167,409.745693206787,428.797626495361,-762.409782409668,334.229898452759
        ,217.757153511047,-762.409782409668,408.986186981201,217.757153511047,-558.173084259033,383.301877975464,414.960193634033
        ,-558.173084259033,262.846994400024,414.960193634033,-576.292991638184,425.584888458252,440.8034324646,-557.052421569824
        ,383.301877975464,415.823364257813,-557.052421569824,425.584888458252,415.823364257813,-576.292991638184,383.301877975464
        ,440.8034324646,-577.413702011108,383.301877975464,439.94026184082,-577.413702011108,262.846994400024,439.94026184082
        ,-810.338401794434,334.989285469055,275.906562805176,-601.747989654541,337.626791000366,463.042545318604,-732.443904876709
        ,335.967397689819,316.156053543091,-599.873447418213,334.229898452759,466.023731231689,-636.067724227905,334.989285469055
        ,439.136219024658,-809.225463867188,334.989285469055,276.763844490051,-554.349899291992,409.745693206787,407.484531402588
        ,-820.391082763672,330.445194244385,294.635844230652,-558.173084259033,385.023784637451,414.960193634033,-554.349899291992
        ,334.989285469055,407.484531402588,-761.592578887939,330.445194244385,218.297648429871,-577.413702011108,385.023784637451
        ,439.94026184082,-761.592578887939,337.626791000366,218.297648429871,-576.292991638184,385.023784637451,440.8034324646
